1075
0 L 1 170 1
0 D 0 170 1
0 L 0 1086 1
0 D 0 1086 1
0 L 1 232 1
0 D 0 232 1
0 L 0 967 1
0 D 0 967 1
0 L 0 1896 1
0 D 0 1896 1
0 L 0 1713 1
0 D 0 1713 1
0 L 0 1059 1
0 D 0 1059 1
0 L 3 1664 1
0 D 0 1664 1
0 L 0 1881 1
0 D 0 1881 1
0 L 0 1280 1
0 D 0 1280 1
0 L 0 1131 1
0 D 0 1131 1
0 L 0 1886 1
0 D 1 1886 1
0 L 0 505 1
0 D 1 505 1
0 L 0 789 1
0 D 1 789 1
0 L 0 1486 1
0 D 1 1486 1
0 L 0 63 1
0 D 1 63 1
0 L 0 660 1
0 D 1 660 1
0 L 0 1741 1
0 D 1 1741 1
0 L 0 1910 1
0 D 1 1910 1
0 L 0 1792 1
0 D 2 1792 1
0 L 0 1020 1
0 D 2 1020 1
0 L 0 1966 1
0 D 2 1966 1
0 L 0 745 1
0 D 2 745 1
0 L 0 913 1
0 D 2 913 1
0 L 0 1214 1
0 D 2 1214 1
0 L 0 1618 1
0 D 3 1618 1
0 L 0 325 1
0 D 3 325 1
0 L 0 1019 1
0 D 3 1019 1
0 L 1 1286 1
0 D 3 1286 1
0 L 0 1559 1
0 D 3 1559 1
0 L 2 1889 1
0 D 3 1889 1
0 L 0 801 1
0 D 3 801 1
0 L 4 536 1
0 D 4 536 1
0 L 0 1719 1
0 D 4 1719 1
0 L 1 1661 1
0 D 4 1661 1
0 L 0 1715 1
0 D 4 1715 1
0 L 0 1987 1
0 D 4 1987 1
0 L 0 795 1
0 D 4 795 1
0 L 0 820 1
0 D 4 820 1
0 L 0 15 1
0 D 4 15 1
0 L 0 1023 1
0 D 4 1023 1
0 L 0 1788 1
0 D 4 1788 1
0 L 0 1331 1
0 D 4 1331 1
0 L 0 818 1
0 D 4 818 1
0 L 0 1481 1
0 D 5 1481 1
0 L 0 1863 1
0 D 5 1863 1
0 L 0 1084 1
0 D 5 1084 1
0 L 0 1204 1
0 D 5 1204 1
0 L 0 488 1
0 D 5 488 1
0 L 0 1204 1
0 D 6 1204 1
0 L 0 1580 1
0 D 6 1580 1
0 L 0 905 1
0 D 6 905 1
0 L 0 73 1
0 D 6 73 1
0 L 0 1690 1
0 D 6 1690 1
0 L 0 1833 1
0 D 6 1833 1
0 L 0 488 1
0 D 6 488 1
0 L 1 264 1
0 D 7 264 1
0 L 0 142 1
0 D 7 142 1
0 L 0 808 1
0 D 7 808 1
0 L 0 1958 1
0 D 8 1958 1
0 L 0 1843 1
0 D 8 1843 1
0 L 0 1786 1
0 D 9 1786 1
0 L 0 1820 1
0 D 9 1820 1
0 L 0 1719 1
0 D 9 1719 1
0 L 0 1106 1
0 D 9 1106 1
0 L 0 183 1
0 D 9 183 1
0 L 0 1184 1
0 D 9 1184 1
0 L 0 257 1
0 D 9 257 1
0 L 0 1255 1
0 D 9 1255 1
0 L 0 1055 1
0 D 9 1055 1
0 L 0 1087 1
0 D 9 1087 1
0 L 0 1073 1
0 D 9 1073 1
0 L 0 154 1
0 D 10 154 1
0 L 0 1189 1
0 D 10 1189 1
0 L 0 371 1
0 D 11 371 1
0 L 0 365 1
0 D 11 365 1
0 L 0 1147 1
0 D 11 1147 1
0 L 0 1363 1
0 D 11 1363 1
0 L 0 1566 1
0 D 11 1566 1
0 L 0 1944 1
0 D 11 1944 1
0 L 1 1136 1
0 D 11 1136 1
0 L 0 467 1
0 D 11 467 1
0 L 0 396 1
0 D 11 396 1
0 L 1 598 1
0 D 11 598 1
0 L 0 219 1
0 D 11 219 1
0 L 0 1058 1
0 D 11 1058 1
0 L 0 481 1
0 D 11 481 1
0 L 0 922 1
0 D 11 922 1
0 L 0 960 1
0 D 11 960 1
0 L 0 1376 1
0 D 11 1376 1
0 L 0 1958 1
0 D 11 1958 1
0 L 0 384 1
0 D 11 384 1
0 L 0 1002 1
0 D 12 1002 1
0 L 1 1470 1
0 D 12 1470 1
0 L 0 935 1
0 D 12 935 1
0 L 0 424 1
0 D 12 424 1
0 L 0 483 1
0 D 12 483 1
0 L 0 711 1
0 D 12 711 1
0 L 0 32 1
0 D 12 32 1
0 L 0 401 1
0 D 12 401 1
0 L 1 1540 1
0 D 12 1540 1
0 L 1 1526 1
0 D 12 1526 1
0 L 0 1139 1
0 D 12 1139 1
0 L 0 1413 1
0 D 12 1413 1
0 L 0 937 1
0 D 13 937 1
0 L 1 655 1
0 D 13 655 1
0 L 0 142 1
0 D 13 142 1
0 L 0 1080 1
0 D 13 1080 1
0 L 0 787 1
0 D 13 787 1
0 L 0 1558 1
0 D 13 1558 1
0 L 0 1611 1
0 D 13 1611 1
0 L 0 1855 1
0 D 13 1855 1
0 L 0 485 1
0 D 13 485 1
0 L 0 1808 1
0 D 13 1808 1
0 L 0 577 1
0 D 13 577 1
0 L 0 130 1
0 D 13 130 1
0 L 0 841 1
0 D 13 841 1
0 L 0 1052 1
0 D 14 1052 1
0 L 0 1920 1
0 D 15 1920 1
0 L 0 643 1
0 D 15 643 1
0 L 0 737 1
0 D 15 737 1
0 L 0 1535 1
0 D 15 1535 1
0 L 0 525 1
0 D 15 525 1
0 L 0 1867 1
0 D 15 1867 1
0 L 0 625 1
0 D 15 625 1
0 L 0 1491 1
0 D 15 1491 1
0 L 0 1962 1
0 D 15 1962 1
0 L 0 810 1
0 D 15 810 1
0 L 1 723 1
0 D 16 723 1
0 L 0 688 1
0 D 16 688 1
0 L 0 1790 1
0 D 16 1790 1
0 L 0 1034 1
0 D 16 1034 1
0 L 0 1965 1
0 D 16 1965 1
0 L 0 1057 1
0 D 16 1057 1
0 L 0 618 1
0 D 16 618 1
0 L 0 1496 1
0 D 16 1496 1
0 L 0 1160 1
0 D 16 1160 1
0 L 0 406 1
0 D 16 406 1
0 L 1 723 1
0 D 17 723 1
0 L 0 409 1
0 D 17 409 1
0 L 0 1717 1
0 D 17 1717 1
0 L 0 1832 1
0 D 17 1832 1
0 L 0 829 1
0 D 18 829 1
0 L 0 1956 1
0 D 18 1956 1
0 L 0 1592 1
0 D 18 1592 1
0 L 0 1217 1
0 D 18 1217 1
0 L 0 777 1
0 D 18 777 1
0 L 0 624 1
0 D 18 624 1
0 L 0 301 1
0 D 18 301 1
0 L 0 815 1
0 D 19 815 1
0 L 0 384 1
0 D 20 384 1
0 L 0 1977 1
0 D 20 1977 1
0 L 1 1512 1
0 D 20 1512 1
0 L 0 1280 1
0 D 20 1280 1
0 L 0 297 1
0 D 20 297 1
0 L 0 1090 1
0 D 20 1090 1
0 L 0 573 1
0 D 21 573 1
0 L 0 1387 1
0 D 21 1387 1
0 L 0 1990 1
0 D 21 1990 1
0 L 0 1462 1
0 D 21 1462 1
0 L 0 62 1
0 D 22 62 1
0 L 0 348 1
0 D 22 348 1
0 L 0 690 1
0 D 22 690 1
0 L 0 1424 1
0 D 22 1424 1
0 L 0 1830 1
0 D 22 1830 1
0 L 1 1795 1
0 D 22 1795 1
0 L 1 1254 1
0 D 22 1254 1
0 L 0 1450 1
0 D 22 1450 1
0 L 0 1819 1
0 D 22 1819 1
0 L 1 1470 1
0 D 22 1470 1
0 L 0 801 1
0 D 23 801 1
0 L 2 406 1
0 D 23 406 1
0 L 0 1853 1
0 D 23 1853 1
0 L 0 1677 1
0 D 23 1677 1
0 L 0 157 1
0 D 23 157 1
0 L 0 919 1
0 D 23 919 1
0 L 0 1754 1
0 D 23 1754 1
0 L 0 1464 1
0 D 23 1464 1
0 L 0 1836 1
0 D 23 1836 1
0 L 0 445 1
0 D 24 445 1
0 L 0 1597 1
0 D 24 1597 1
0 L 1 979 1
0 D 24 979 1
0 L 0 30 1
0 D 25 30 1
0 L 0 786 1
0 D 25 786 1
0 L 0 1867 1
0 D 25 1867 1
0 L 0 1461 1
0 D 25 1461 1
0 L 0 1338 1
0 D 25 1338 1
0 L 1 1393 1
0 D 25 1393 1
0 L 1 539 1
0 D 25 539 1
0 L 0 1005 1
0 D 25 1005 1
0 L 0 1628 1
0 D 26 1628 1
0 L 0 456 1
0 D 26 456 1
0 L 0 1229 1
0 D 26 1229 1
0 L 0 1084 1
0 D 26 1084 1
0 L 0 1810 1
0 D 26 1810 1
0 L 0 1550 1
0 D 26 1550 1
0 L 0 1508 1
0 D 26 1508 1
0 L 0 350 1
0 D 26 350 1
0 L 0 468 1
0 D 26 468 1
0 L 0 1589 1
0 D 26 1589 1
0 L 0 1790 1
0 D 26 1790 1
0 L 0 901 1
0 D 26 901 1
0 L 0 487 1
0 D 26 487 1
0 L 0 104 1
0 D 27 104 1
0 L 0 1414 1
0 D 27 1414 1
0 L 0 35 1
0 D 27 35 1
0 L 0 537 1
0 D 27 537 1
0 L 0 590 1
0 D 27 590 1
0 L 1 1698 1
0 D 27 1698 1
0 L 0 139 1
0 D 27 139 1
0 L 1 43 1
0 D 27 43 1
0 L 0 239 1
0 D 27 239 1
0 L 0 1120 1
0 D 27 1120 1
0 L 0 2 1
0 D 27 2 1
0 L 0 908 1
0 D 27 908 1
0 L 0 244 1
0 D 27 244 1
0 L 1 1299 1
0 D 27 1299 1
0 L 0 1824 1
0 D 27 1824 1
0 L 0 919 1
0 D 28 919 1
0 L 0 1699 1
0 D 28 1699 1
0 L 0 1290 1
0 D 29 1290 1
0 L 0 441 1
0 D 29 441 1
0 L 0 488 1
0 D 29 488 1
0 L 0 1086 1
0 D 29 1086 1
0 L 0 1702 1
0 D 29 1702 1
0 L 0 1372 1
0 D 29 1372 1
0 L 0 607 1
0 D 29 607 1
0 L 0 290 1
0 D 29 290 1
0 L 0 1475 1
0 D 29 1475 1
0 L 0 843 1
0 D 30 843 1
0 L 0 334 1
0 D 30 334 1
0 L 0 1406 1
0 D 30 1406 1
0 L 0 613 1
0 D 30 613 1
0 L 0 1480 1
0 D 30 1480 1
0 L 0 859 1
0 D 30 859 1
0 L 0 1024 1
0 D 31 1024 1
0 L 0 1774 1
0 D 31 1774 1
0 L 0 270 1
0 D 31 270 1
0 L 0 1290 1
0 D 31 1290 1
0 L 0 432 1
0 D 31 432 1
0 L 0 367 1
0 D 31 367 1
0 L 0 1023 1
0 D 31 1023 1
0 L 0 1006 1
0 D 31 1006 1
0 L 0 1338 1
0 D 31 1338 1
0 L 0 534 1
0 D 31 534 1
0 L 0 563 1
0 D 32 563 1
0 L 0 446 1
0 D 32 446 1
0 L 0 1893 1
0 D 32 1893 1
0 L 0 865 1
0 D 32 865 1
0 L 0 437 1
0 D 32 437 1
0 L 0 471 1
0 D 32 471 1
0 L 0 1622 1
0 D 32 1622 1
0 L 0 1052 1
0 D 32 1052 1
0 L 0 719 1
0 D 32 719 1
0 L 0 801 1
0 D 32 801 1
0 L 0 1887 1
0 D 32 1887 1
0 L 0 1740 1
0 D 32 1740 1
0 L 0 803 1
0 D 32 803 1
0 L 0 1039 1
0 D 32 1039 1
0 L 0 1854 1
0 D 33 1854 1
0 L 0 1810 1
0 D 33 1810 1
0 L 0 303 1
0 D 33 303 1
0 L 0 553 1
0 D 33 553 1
0 L 0 635 1
0 D 33 635 1
0 L 0 341 1
0 D 33 341 1
0 L 0 1441 1
0 D 33 1441 1
0 L 0 526 1
0 D 33 526 1
0 L 0 963 1
0 D 33 963 1
0 L 0 41 1
0 D 33 41 1
0 L 0 1645 1
0 D 33 1645 1
0 L 0 731 1
0 D 33 731 1
0 L 0 1887 1
0 D 33 1887 1
0 L 0 1789 1
0 D 34 1789 1
0 L 0 668 1
0 D 34 668 1
0 L 0 848 1
0 D 34 848 1
0 L 0 1050 1
0 D 34 1050 1
0 L 0 1489 1
0 D 35 1489 1
0 L 0 591 1
0 D 35 591 1
0 L 0 278 1
0 D 35 278 1
0 L 0 159 1
0 D 35 159 1
0 L 0 1739 1
0 D 35 1739 1
0 L 4 1865 1
0 D 35 1865 1
0 L 0 1590 1
0 D 35 1590 1
0 L 0 186 1
0 D 35 186 1
0 L 0 1798 1
0 D 35 1798 1
0 L 0 829 1
0 D 35 829 1
0 L 0 1910 1
0 D 35 1910 1
0 L 0 739 1
0 D 35 739 1
0 L 0 1830 1
0 D 36 1830 1
0 L 0 467 1
0 D 36 467 1
0 L 0 790 1
0 D 36 790 1
0 L 5 1865 1
0 D 36 1865 1
0 L 0 735 1
0 D 36 735 1
0 L 0 642 1
0 D 36 642 1
0 L 0 27 1
0 D 36 27 1
0 L 0 1169 1
0 D 36 1169 1
0 L 1 377 1
0 D 36 377 1
0 L 0 905 1
0 D 36 905 1
0 L 0 1910 1
0 D 36 1910 1
0 L 0 1821 1
0 D 36 1821 1
0 L 0 534 1
0 D 36 534 1
0 L 0 1936 1
0 D 37 1936 1
0 L 0 185 1
0 D 37 185 1
0 L 0 1822 1
0 D 37 1822 1
0 L 0 725 1
0 D 37 725 1
0 L 0 1490 1
0 D 38 1490 1
0 L 0 68 1
0 D 38 68 1
0 L 0 1762 1
0 D 38 1762 1
0 L 0 149 1
0 D 39 149 1
0 L 0 719 1
0 D 39 719 1
0 L 0 1964 1
0 D 40 1964 1
0 L 0 1344 1
0 D 40 1344 1
0 L 0 877 1
0 D 41 877 1
0 L 0 15 1
0 D 41 15 1
0 L 1 915 1
0 D 41 915 1
0 L 0 1817 1
0 D 41 1817 1
0 L 0 803 1
0 D 41 803 1
0 L 3 123 1
0 D 41 123 1
0 L 0 1569 1
0 D 41 1569 1
0 L 0 362 1
0 D 42 362 1
0 L 0 1607 1
0 D 42 1607 1
0 L 0 275 1
0 D 42 275 1
0 L 0 1818 1
0 D 42 1818 1
0 L 0 1641 1
0 D 42 1641 1
0 L 0 1779 1
0 D 42 1779 1
0 L 0 135 1
0 D 42 135 1
0 L 2 1275 1
0 D 42 1275 1
0 L 0 1854 1
0 D 42 1854 1
0 L 0 721 1
0 D 42 721 1
0 L 0 1584 1
0 D 43 1584 1
0 L 0 1525 1
0 D 43 1525 1
0 L 0 688 1
0 D 43 688 1
0 L 0 216 1
0 D 44 216 1
0 L 0 563 1
0 D 44 563 1
0 L 0 1158 1
0 D 45 1158 1
0 L 0 367 1
0 D 45 367 1
0 L 0 885 1
0 D 45 885 1
0 L 0 242 1
0 D 45 242 1
0 L 0 1615 1
0 D 45 1615 1
0 L 0 1029 1
0 D 45 1029 1
0 L 0 1342 1
0 D 46 1342 1
0 L 1 1280 1
0 D 46 1280 1
0 L 0 1191 1
0 D 46 1191 1
0 L 0 370 1
0 D 46 370 1
0 L 0 1646 1
0 D 46 1646 1
0 L 0 384 1
0 D 46 384 1
0 L 0 1450 1
0 D 46 1450 1
0 L 0 383 1
0 D 46 383 1
0 L 0 183 1
0 D 46 183 1
0 L 0 1988 1
0 D 46 1988 1
0 L 0 1506 1
0 D 46 1506 1
0 L 0 1045 1
0 D 47 1045 1
0 L 1 441 1
0 D 47 441 1
0 L 0 239 1
0 D 47 239 1
0 L 1 1192 1
0 D 47 1192 1
0 L 0 1651 1
0 D 47 1651 1
0 L 0 711 1
0 D 47 711 1
0 L 0 590 1
0 D 47 590 1
0 L 0 649 1
0 D 47 649 1
0 L 0 1180 1
0 D 47 1180 1
0 L 0 1241 1
0 D 47 1241 1
0 L 0 1785 1
0 D 48 1785 1
0 L 0 1095 1
0 D 48 1095 1
0 L 0 563 1
0 D 48 563 1
0 L 0 1782 1
0 D 49 1782 1
0 L 0 1514 1
0 D 49 1514 1
0 L 0 877 1
0 D 50 877 1
0 L 1 640 1
0 D 50 640 1
0 L 0 1092 1
0 D 50 1092 1
0 L 0 122 1
0 D 50 122 1
0 L 0 1644 1
0 D 51 1644 1
0 L 1 1945 1
0 D 51 1945 1
0 L 0 223 1
0 D 51 223 1
0 L 0 1864 1
0 D 51 1864 1
0 L 0 739 1
0 D 51 739 1
0 L 0 1971 1
0 D 51 1971 1
0 L 0 1879 1
0 D 51 1879 1
0 L 0 201 1
0 D 51 201 1
0 L 1 600 1
0 D 51 600 1
0 L 0 954 1
0 D 51 954 1
0 L 0 1903 1
0 D 52 1903 1
0 L 0 1722 1
0 D 52 1722 1
0 L 0 757 1
0 D 52 757 1
0 L 0 793 1
0 D 52 793 1
0 L 0 1609 1
0 D 52 1609 1
0 L 0 1921 1
0 D 52 1921 1
0 L 0 360 1
0 D 52 360 1
0 L 0 267 1
0 D 52 267 1
0 L 0 1031 1
0 D 52 1031 1
0 L 0 1905 1
0 D 52 1905 1
0 L 0 1666 1
0 D 52 1666 1
0 L 0 78 1
0 D 52 78 1
0 L 0 105 1
0 D 52 105 1
0 L 0 129 1
0 D 52 129 1
0 L 0 1049 1
0 D 52 1049 1
0 L 0 1180 1
0 D 53 1180 1
0 L 0 361 1
0 D 53 361 1
0 L 0 1908 1
0 D 53 1908 1
0 L 2 155 1
0 D 53 155 1
0 L 0 383 1
0 D 53 383 1
0 L 0 110 1
0 D 53 110 1
0 L 0 277 1
0 D 53 277 1
0 L 0 1359 1
0 D 53 1359 1
0 L 0 526 1
0 D 53 526 1
0 L 2 1972 1
0 D 53 1972 1
0 L 0 730 1
0 D 54 730 1
0 L 0 164 1
0 D 54 164 1
0 L 0 1013 1
0 D 54 1013 1
0 L 0 1203 1
0 D 54 1203 1
0 L 1 491 1
0 D 54 491 1
0 L 0 1903 1
0 D 55 1903 1
0 L 0 1840 1
0 D 55 1840 1
0 L 5 271 1
0 D 55 271 1
0 L 0 364 1
0 D 56 364 1
0 L 2 884 1
0 D 56 884 1
0 L 0 64 1
0 D 56 64 1
0 L 0 1957 1
0 D 56 1957 1
0 L 0 282 1
0 D 56 282 1
0 L 0 1847 1
0 D 56 1847 1
0 L 0 369 1
0 D 56 369 1
0 L 0 1469 1
0 D 56 1469 1
0 L 0 105 1
0 D 56 105 1
0 L 0 1967 1
0 D 56 1967 1
0 L 0 845 1
0 D 56 845 1
0 L 0 1200 1
0 D 56 1200 1
0 L 0 1219 1
0 D 56 1219 1
0 L 1 960 1
0 D 56 960 1
0 L 0 1875 1
0 D 57 1875 1
0 L 0 344 1
0 D 57 344 1
0 L 0 48 1
0 D 57 48 1
0 L 0 1172 1
0 D 57 1172 1
0 L 0 704 1
0 D 57 704 1
0 L 0 50 1
0 D 57 50 1
0 L 0 985 1
0 D 57 985 1
0 L 0 470 1
0 D 57 470 1
0 L 0 1347 1
0 D 57 1347 1
0 L 0 787 1
0 D 57 787 1
0 L 0 1304 1
0 D 58 1304 1
0 L 0 448 1
0 D 58 448 1
0 L 0 733 1
0 D 59 733 1
0 L 0 1903 1
0 D 59 1903 1
0 L 0 841 1
0 D 59 841 1
0 L 0 272 1
0 D 59 272 1
0 L 0 1782 1
0 D 59 1782 1
0 L 0 1084 1
0 D 59 1084 1
0 L 0 1361 1
0 D 59 1361 1
0 L 0 35 1
0 D 59 35 1
0 L 0 1938 1
0 D 59 1938 1
0 L 1 1743 1
0 D 59 1743 1
0 L 0 525 1
0 D 59 525 1
0 L 0 1817 1
0 D 60 1817 1
0 L 0 1924 1
0 D 60 1924 1
0 L 0 1214 1
0 D 60 1214 1
0 L 0 601 1
0 D 60 601 1
0 L 0 261 1
0 D 60 261 1
0 L 1 102 1
0 D 60 102 1
0 L 0 634 1
0 D 60 634 1
0 L 0 28 1
0 D 60 28 1
0 L 0 1669 1
0 D 60 1669 1
0 L 1 1526 1
0 D 60 1526 1
0 L 0 743 1
0 D 61 743 1
0 L 0 865 1
0 D 61 865 1
0 L 0 716 1
0 D 61 716 1
0 L 0 896 1
0 D 61 896 1
0 L 0 1769 1
0 D 61 1769 1
0 L 0 475 1
0 D 61 475 1
0 L 0 216 1
0 D 61 216 1
0 L 0 1466 1
0 D 61 1466 1
0 L 0 814 1
0 D 61 814 1
0 L 2 1254 1
0 D 61 1254 1
0 L 0 1413 1
0 D 61 1413 1
0 L 0 1177 1
0 D 61 1177 1
0 L 0 552 1
0 D 62 552 1
0 L 0 477 1
0 D 62 477 1
0 L 0 1230 1
0 D 62 1230 1
0 L 0 713 1
0 D 62 713 1
0 L 0 798 1
0 D 63 798 1
0 L 0 1444 1
0 D 63 1444 1
0 L 0 1496 1
0 D 63 1496 1
0 L 0 1559 1
0 D 63 1559 1
0 L 0 580 1
0 D 63 580 1
0 L 0 1886 1
0 D 63 1886 1
0 L 0 736 1
0 D 63 736 1
0 L 0 1325 1
0 D 63 1325 1
0 L 0 1709 1
0 D 63 1709 1
0 L 0 967 1
0 D 63 967 1
0 L 2 1832 1
0 D 63 1832 1
0 L 0 1148 1
0 D 63 1148 1
0 L 0 270 1
0 D 63 270 1
0 L 0 1482 1
0 D 64 1482 1
0 L 0 49 1
0 D 64 49 1
0 L 0 1580 1
0 D 64 1580 1
0 L 0 1265 1
0 D 64 1265 1
0 L 2 1257 1
0 D 64 1257 1
0 L 1 637 1
0 D 65 637 1
0 L 0 215 1
0 D 65 215 1
0 L 0 1665 1
0 D 65 1665 1
0 L 3 902 1
0 D 65 902 1
0 L 0 419 1
0 D 65 419 1
0 L 1 330 1
0 D 65 330 1
0 L 0 1790 1
0 D 65 1790 1
0 L 1 580 1
0 D 65 580 1
0 L 0 1952 1
0 D 65 1952 1
0 L 0 361 1
0 D 65 361 1
0 L 0 782 1
0 D 65 782 1
0 L 0 1259 1
0 D 65 1259 1
0 L 0 1514 1
0 D 65 1514 1
0 L 0 1606 1
0 D 66 1606 1
0 L 0 649 1
0 D 66 649 1
0 L 0 257 1
0 D 66 257 1
0 L 0 1915 1
0 D 66 1915 1
0 L 0 1097 1
0 D 67 1097 1
0 L 0 338 1
0 D 67 338 1
0 L 0 512 1
0 D 67 512 1
0 L 0 1329 1
0 D 67 1329 1
0 L 0 597 1
0 D 68 597 1
0 L 0 486 1
0 D 69 486 1
0 L 0 859 1
0 D 69 859 1
0 L 0 477 1
0 D 69 477 1
0 L 0 905 1
0 D 69 905 1
0 L 0 1453 1
0 D 69 1453 1
0 L 0 1782 1
0 D 69 1782 1
0 L 0 167 1
0 D 69 167 1
0 L 0 808 1
0 D 69 808 1
0 L 0 476 1
0 D 70 476 1
0 L 0 1108 1
0 D 70 1108 1
0 L 0 974 1
0 D 70 974 1
0 L 0 587 1
0 D 70 587 1
0 L 0 1028 1
0 D 71 1028 1
0 L 0 673 1
0 D 71 673 1
0 L 0 1554 1
0 D 71 1554 1
0 L 0 127 1
0 D 71 127 1
0 L 1 1903 1
0 D 71 1903 1
0 L 0 1072 1
0 D 71 1072 1
0 L 1 1106 1
0 D 71 1106 1
0 L 0 1917 1
0 D 71 1917 1
0 L 0 975 1
0 D 71 975 1
0 L 2 321 1
